0.0111111111111	0.344444444444	0.122222222222	0.0111111111111	0.0111111111111	0.0111111111111	0.0111111111111	0.0111111111111	0.233333333333	0.0111111111111	0.122222222222	0.0111111111111	0.0111111111111	0.0111111111111	0.0111111111111	0.0111111111111	0.0111111111111	0.0111111111111	0.0111111111111	0.0111111111111	
0.0166666666667	0.0166666666667	0.0166666666667	0.0166666666667	0.183333333333	0.0166666666667	0.0166666666667	0.183333333333	0.0166666666667	0.0166666666667	0.0166666666667	0.0166666666667	0.0166666666667	0.0166666666667	0.0166666666667	0.0166666666667	0.0166666666667	0.35	0.0166666666667	0.0166666666667	
0.0125	0.1375	0.1375	0.1375	0.0125	0.0125	0.0125	0.0125	0.0125	0.0125	0.1375	0.0125	0.0125	0.0125	0.0125	0.0125	0.0125	0.2625	0.0125	0.0125	
0.1375	0.0125	0.0125	0.1375	0.0125	0.0125	0.0125	0.1375	0.0125	0.0125	0.0125	0.0125	0.0125	0.0125	0.0125	0.2625	0.0125	0.0125	0.0125	0.1375	
0.00714285714286	0.15	0.00714285714286	0.00714285714286	0.00714285714286	0.00714285714286	0.0785714285714	0.0785714285714	0.0785714285714	0.00714285714286	0.0785714285714	0.0785714285714	0.0785714285714	0.00714285714286	0.15	0.00714285714286	0.15	0.00714285714286	0.00714285714286	0.00714285714286	
0.0142857142857	0.157142857143	0.0142857142857	0.0142857142857	0.0142857142857	0.3	0.0142857142857	0.0142857142857	0.0142857142857	0.0142857142857	0.0142857142857	0.0142857142857	0.157142857143	0.0142857142857	0.157142857143	0.0142857142857	0.0142857142857	0.0142857142857	0.0142857142857	0.0142857142857	
0.0166666666667	0.183333333333	0.0166666666667	0.0166666666667	0.0166666666667	0.0166666666667	0.0166666666667	0.183333333333	0.183333333333	0.0166666666667	0.183333333333	0.0166666666667	0.0166666666667	0.0166666666667	0.0166666666667	0.0166666666667	0.0166666666667	0.0166666666667	0.0166666666667	0.0166666666667	
0.0142857142857	0.0142857142857	0.0142857142857	0.0142857142857	0.157142857143	0.157142857143	0.0142857142857	0.0142857142857	0.0142857142857	0.0142857142857	0.0142857142857	0.0142857142857	0.0142857142857	0.157142857143	0.0142857142857	0.0142857142857	0.3	0.0142857142857	0.0142857142857	0.0142857142857	
0.1375	0.0125	0.2625	0.0125	0.0125	0.0125	0.0125	0.0125	0.0125	0.1375	0.0125	0.1375	0.0125	0.0125	0.0125	0.0125	0.0125	0.0125	0.1375	0.0125	
0.0166666666667	0.0166666666667	0.0166666666667	0.0166666666667	0.183333333333	0.183333333333	0.0166666666667	0.0166666666667	0.0166666666667	0.0166666666667	0.0166666666667	0.0166666666667	0.0166666666667	0.0166666666667	0.0166666666667	0.0166666666667	0.0166666666667	0.0166666666667	0.35	0.0166666666667	
0.11	0.01	0.01	0.11	0.11	0.01	0.11	0.01	0.01	0.01	0.21	0.01	0.01	0.01	0.11	0.01	0.11	0.01	0.01	0.01	
0.1375	0.0125	0.1375	0.0125	0.0125	0.0125	0.0125	0.0125	0.0125	0.1375	0.1375	0.1375	0.1375	0.0125	0.0125	0.0125	0.0125	0.0125	0.0125	0.0125	
0.0142857142857	0.0142857142857	0.0142857142857	0.0142857142857	0.0142857142857	0.0142857142857	0.0142857142857	0.0142857142857	0.157142857143	0.157142857143	0.0142857142857	0.0142857142857	0.0142857142857	0.0142857142857	0.0142857142857	0.0142857142857	0.157142857143	0.3	0.0142857142857	0.0142857142857	
0.0142857142857	0.157142857143	0.0142857142857	0.0142857142857	0.0142857142857	0.157142857143	0.0142857142857	0.0142857142857	0.0142857142857	0.0142857142857	0.0142857142857	0.0142857142857	0.0142857142857	0.0142857142857	0.0142857142857	0.3	0.0142857142857	0.0142857142857	0.0142857142857	0.157142857143	
0.025	0.025	0.025	0.025	0.025	0.025	0.275	0.025	0.275	0.025	0.025	0.025	0.025	0.025	0.025	0.025	0.025	0.025	0.025	0.025	
0.0166666666667	0.0166666666667	0.0166666666667	0.183333333333	0.0166666666667	0.0166666666667	0.0166666666667	0.0166666666667	0.0166666666667	0.0166666666667	0.0166666666667	0.0166666666667	0.183333333333	0.0166666666667	0.0166666666667	0.183333333333	0.0166666666667	0.0166666666667	0.0166666666667	0.183333333333	
0.0125	0.2625	0.0125	0.0125	0.0125	0.0125	0.0125	0.0125	0.0125	0.0125	0.0125	0.0125	0.2625	0.0125	0.0125	0.1375	0.0125	0.0125	0.0125	0.1375	
0.02	0.02	0.02	0.02	0.02	0.02	0.22	0.02	0.02	0.02	0.02	0.02	0.02	0.22	0.22	0.02	0.02	0.02	0.02	0.02	
0.157142857143	0.0142857142857	0.0142857142857	0.157142857143	0.0142857142857	0.0142857142857	0.0142857142857	0.0142857142857	0.0142857142857	0.157142857143	0.0142857142857	0.157142857143	0.0142857142857	0.0142857142857	0.0142857142857	0.0142857142857	0.0142857142857	0.0142857142857	0.157142857143	0.0142857142857	
0.0142857142857	0.0142857142857	0.0142857142857	0.0142857142857	0.0142857142857	0.0142857142857	0.0142857142857	0.0142857142857	0.0142857142857	0.0142857142857	0.0142857142857	0.157142857143	0.157142857143	0.0142857142857	0.0142857142857	0.0142857142857	0.157142857143	0.0142857142857	0.157142857143	0.157142857143	
0.11	0.01	0.11	0.01	0.01	0.01	0.01	0.01	0.01	0.01	0.01	0.01	0.01	0.11	0.11	0.21	0.01	0.11	0.11	0.01	
0.1	0.00909090909091	0.00909090909091	0.1	0.1	0.00909090909091	0.00909090909091	0.00909090909091	0.00909090909091	0.1	0.1	0.1	0.00909090909091	0.00909090909091	0.00909090909091	0.00909090909091	0.00909090909091	0.00909090909091	0.1	0.190909090909	
0.22	0.02	0.02	0.22	0.02	0.02	0.02	0.22	0.02	0.02	0.02	0.02	0.02	0.02	0.02	0.02	0.02	0.02	0.02	0.02	
0.0111111111111	0.0111111111111	0.0111111111111	0.233333333333	0.0111111111111	0.0111111111111	0.0111111111111	0.122222222222	0.122222222222	0.122222222222	0.0111111111111	0.122222222222	0.0111111111111	0.0111111111111	0.122222222222	0.0111111111111	0.0111111111111	0.0111111111111	0.0111111111111	0.0111111111111	
0.01	0.01	0.01	0.01	0.11	0.01	0.01	0.01	0.01	0.11	0.01	0.11	0.21	0.01	0.11	0.11	0.01	0.01	0.01	0.11	
0.0142857142857	0.0142857142857	0.0142857142857	0.0142857142857	0.0142857142857	0.0142857142857	0.157142857143	0.0142857142857	0.157142857143	0.157142857143	0.157142857143	0.0142857142857	0.0142857142857	0.0142857142857	0.0142857142857	0.0142857142857	0.0142857142857	0.0142857142857	0.157142857143	0.0142857142857	
0.1375	0.0125	0.0125	0.0125	0.0125	0.1375	0.1375	0.0125	0.1375	0.0125	0.0125	0.1375	0.0125	0.0125	0.1375	0.0125	0.0125	0.0125	0.0125	0.0125	
0.1	0.190909090909	0.00909090909091	0.1	0.00909090909091	0.1	0.00909090909091	0.1	0.00909090909091	0.1	0.00909090909091	0.1	0.00909090909091	0.00909090909091	0.00909090909091	0.00909090909091	0.00909090909091	0.00909090909091	0.1	0.00909090909091	
0.0166666666667	0.0166666666667	0.0166666666667	0.0166666666667	0.183333333333	0.0166666666667	0.0166666666667	0.183333333333	0.0166666666667	0.0166666666667	0.0166666666667	0.183333333333	0.0166666666667	0.0166666666667	0.183333333333	0.0166666666667	0.0166666666667	0.0166666666667	0.0166666666667	0.0166666666667	
0.0166666666667	0.0166666666667	0.183333333333	0.0166666666667	0.183333333333	0.0166666666667	0.0166666666667	0.0166666666667	0.0166666666667	0.35	0.0166666666667	0.0166666666667	0.0166666666667	0.0166666666667	0.0166666666667	0.0166666666667	0.0166666666667	0.0166666666667	0.0166666666667	0.0166666666667	
0.01	0.01	0.11	0.01	0.01	0.01	0.01	0.11	0.11	0.01	0.21	0.01	0.11	0.01	0.01	0.01	0.11	0.01	0.01	0.11	
0.0111111111111	0.0111111111111	0.122222222222	0.122222222222	0.122222222222	0.0111111111111	0.0111111111111	0.0111111111111	0.0111111111111	0.0111111111111	0.0111111111111	0.0111111111111	0.233333333333	0.122222222222	0.0111111111111	0.0111111111111	0.0111111111111	0.0111111111111	0.0111111111111	0.122222222222	
0.00909090909091	0.00909090909091	0.00909090909091	0.00909090909091	0.1	0.00909090909091	0.00909090909091	0.00909090909091	0.00909090909091	0.190909090909	0.1	0.00909090909091	0.1	0.1	0.00909090909091	0.1	0.00909090909091	0.1	0.00909090909091	0.1	
0.0125	0.1375	0.0125	0.0125	0.0125	0.0125	0.0125	0.0125	0.0125	0.0125	0.1375	0.1375	0.0125	0.0125	0.0125	0.2625	0.1375	0.0125	0.0125	0.0125	
0.157142857143	0.0142857142857	0.157142857143	0.0142857142857	0.157142857143	0.0142857142857	0.0142857142857	0.0142857142857	0.0142857142857	0.0142857142857	0.0142857142857	0.0142857142857	0.157142857143	0.157142857143	0.0142857142857	0.0142857142857	0.0142857142857	0.0142857142857	0.0142857142857	0.0142857142857	
0.0111111111111	0.0111111111111	0.233333333333	0.122222222222	0.0111111111111	0.0111111111111	0.0111111111111	0.122222222222	0.122222222222	0.0111111111111	0.0111111111111	0.0111111111111	0.0111111111111	0.0111111111111	0.0111111111111	0.0111111111111	0.0111111111111	0.122222222222	0.122222222222	0.0111111111111	
0.00909090909091	0.00909090909091	0.00909090909091	0.00909090909091	0.190909090909	0.00909090909091	0.00909090909091	0.00909090909091	0.1	0.1	0.1	0.00909090909091	0.00909090909091	0.00909090909091	0.00909090909091	0.00909090909091	0.1	0.1	0.1	0.1	
0.22	0.02	0.02	0.02	0.02	0.02	0.02	0.02	0.02	0.02	0.02	0.02	0.02	0.02	0.02	0.22	0.02	0.22	0.02	0.02	
0.0125	0.0125	0.1375	0.0125	0.0125	0.0125	0.0125	0.0125	0.1375	0.1375	0.1375	0.0125	0.0125	0.0125	0.0125	0.0125	0.0125	0.1375	0.1375	0.0125	
0.00909090909091	0.1	0.1	0.00909090909091	0.1	0.00909090909091	0.00909090909091	0.00909090909091	0.00909090909091	0.281818181818	0.00909090909091	0.1	0.00909090909091	0.00909090909091	0.00909090909091	0.00909090909091	0.1	0.1	0.00909090909091	0.00909090909091	
0.0142857142857	0.0142857142857	0.157142857143	0.0142857142857	0.0142857142857	0.0142857142857	0.0142857142857	0.157142857143	0.0142857142857	0.0142857142857	0.0142857142857	0.0142857142857	0.157142857143	0.0142857142857	0.0142857142857	0.0142857142857	0.0142857142857	0.157142857143	0.0142857142857	0.157142857143	
0.02	0.02	0.02	0.02	0.02	0.02	0.22	0.02	0.02	0.02	0.02	0.02	0.02	0.02	0.02	0.02	0.02	0.22	0.02	0.22	
0.0111111111111	0.0111111111111	0.0111111111111	0.0111111111111	0.122222222222	0.233333333333	0.0111111111111	0.122222222222	0.0111111111111	0.0111111111111	0.0111111111111	0.0111111111111	0.0111111111111	0.122222222222	0.0111111111111	0.0111111111111	0.0111111111111	0.122222222222	0.0111111111111	0.122222222222	
0.0166666666667	0.183333333333	0.0166666666667	0.183333333333	0.0166666666667	0.0166666666667	0.183333333333	0.0166666666667	0.0166666666667	0.0166666666667	0.0166666666667	0.0166666666667	0.183333333333	0.0166666666667	0.0166666666667	0.0166666666667	0.0166666666667	0.0166666666667	0.0166666666667	0.0166666666667	
0.025	0.025	0.025	0.025	0.025	0.025	0.025	0.025	0.025	0.025	0.275	0.025	0.025	0.025	0.025	0.275	0.025	0.025	0.025	0.025	
0.0142857142857	0.0142857142857	0.0142857142857	0.0142857142857	0.157142857143	0.157142857143	0.0142857142857	0.0142857142857	0.0142857142857	0.3	0.0142857142857	0.0142857142857	0.0142857142857	0.0142857142857	0.0142857142857	0.0142857142857	0.0142857142857	0.157142857143	0.0142857142857	0.0142857142857	
0.122222222222	0.0111111111111	0.0111111111111	0.0111111111111	0.122222222222	0.0111111111111	0.0111111111111	0.0111111111111	0.0111111111111	0.122222222222	0.0111111111111	0.122222222222	0.0111111111111	0.344444444444	0.0111111111111	0.0111111111111	0.0111111111111	0.0111111111111	0.0111111111111	0.0111111111111	
0.0166666666667	0.0166666666667	0.0166666666667	0.0166666666667	0.0166666666667	0.0166666666667	0.0166666666667	0.0166666666667	0.0166666666667	0.183333333333	0.0166666666667	0.35	0.0166666666667	0.0166666666667	0.183333333333	0.0166666666667	0.0166666666667	0.0166666666667	0.0166666666667	0.0166666666667	
0.02	0.02	0.02	0.02	0.02	0.22	0.22	0.02	0.02	0.02	0.02	0.22	0.02	0.02	0.02	0.02	0.02	0.02	0.02	0.02	
0.00666666666667	0.00666666666667	0.0733333333333	0.0733333333333	0.00666666666667	0.0733333333333	0.00666666666667	0.0733333333333	0.0733333333333	0.14	0.0733333333333	0.00666666666667	0.14	0.00666666666667	0.00666666666667	0.0733333333333	0.00666666666667	0.00666666666667	0.14	0.00666666666667	
0.0125	0.0125	0.0125	0.0125	0.0125	0.0125	0.0125	0.0125	0.0125	0.1375	0.0125	0.0125	0.1375	0.2625	0.0125	0.0125	0.0125	0.1375	0.0125	0.1375	
0.0142857142857	0.157142857143	0.0142857142857	0.0142857142857	0.0142857142857	0.0142857142857	0.0142857142857	0.0142857142857	0.0142857142857	0.0142857142857	0.0142857142857	0.0142857142857	0.157142857143	0.0142857142857	0.0142857142857	0.0142857142857	0.0142857142857	0.157142857143	0.3	0.0142857142857	
0.1375	0.0125	0.1375	0.0125	0.0125	0.0125	0.1375	0.1375	0.0125	0.0125	0.0125	0.0125	0.1375	0.0125	0.0125	0.1375	0.0125	0.0125	0.0125	0.0125	
0.0125	0.0125	0.0125	0.0125	0.0125	0.0125	0.0125	0.1375	0.0125	0.1375	0.1375	0.1375	0.0125	0.1375	0.0125	0.0125	0.0125	0.1375	0.0125	0.0125	
0.01	0.11	0.11	0.01	0.01	0.11	0.01	0.21	0.01	0.01	0.01	0.11	0.01	0.01	0.01	0.01	0.01	0.11	0.11	0.01	
0.00833333333333	0.175	0.00833333333333	0.00833333333333	0.00833333333333	0.0916666666667	0.0916666666667	0.0916666666667	0.0916666666667	0.0916666666667	0.00833333333333	0.175	0.00833333333333	0.00833333333333	0.00833333333333	0.0916666666667	0.00833333333333	0.00833333333333	0.00833333333333	0.00833333333333	
0.0125	0.0125	0.1375	0.0125	0.1375	0.0125	0.1375	0.1375	0.0125	0.1375	0.0125	0.0125	0.0125	0.0125	0.0125	0.1375	0.0125	0.0125	0.0125	0.0125	
0.025	0.025	0.025	0.025	0.275	0.025	0.025	0.025	0.025	0.025	0.025	0.025	0.025	0.025	0.025	0.025	0.025	0.025	0.025	0.275	
0.0111111111111	0.0111111111111	0.233333333333	0.0111111111111	0.0111111111111	0.122222222222	0.122222222222	0.122222222222	0.0111111111111	0.0111111111111	0.0111111111111	0.122222222222	0.0111111111111	0.0111111111111	0.0111111111111	0.0111111111111	0.122222222222	0.0111111111111	0.0111111111111	0.0111111111111	
0.00909090909091	0.00909090909091	0.00909090909091	0.00909090909091	0.00909090909091	0.1	0.00909090909091	0.1	0.00909090909091	0.00909090909091	0.1	0.00909090909091	0.1	0.00909090909091	0.1	0.1	0.00909090909091	0.1	0.1	0.1	
0.0142857142857	0.157142857143	0.0142857142857	0.0142857142857	0.0142857142857	0.0142857142857	0.157142857143	0.157142857143	0.0142857142857	0.0142857142857	0.157142857143	0.157142857143	0.0142857142857	0.0142857142857	0.0142857142857	0.0142857142857	0.0142857142857	0.0142857142857	0.0142857142857	0.0142857142857	
0.02	0.02	0.02	0.02	0.02	0.02	0.02	0.02	0.02	0.02	0.02	0.02	0.22	0.02	0.22	0.02	0.02	0.02	0.22	0.02	
0.02	0.02	0.02	0.02	0.02	0.02	0.02	0.02	0.22	0.02	0.02	0.22	0.02	0.22	0.02	0.02	0.02	0.02	0.02	0.02	
0.0166666666667	0.0166666666667	0.0166666666667	0.0166666666667	0.0166666666667	0.183333333333	0.0166666666667	0.183333333333	0.0166666666667	0.0166666666667	0.0166666666667	0.0166666666667	0.0166666666667	0.0166666666667	0.183333333333	0.183333333333	0.0166666666667	0.0166666666667	0.0166666666667	0.0166666666667	
0.00909090909091	0.1	0.1	0.1	0.00909090909091	0.00909090909091	0.00909090909091	0.1	0.00909090909091	0.1	0.00909090909091	0.1	0.00909090909091	0.00909090909091	0.00909090909091	0.1	0.1	0.00909090909091	0.00909090909091	0.1	
0.0125	0.0125	0.1375	0.1375	0.1375	0.1375	0.1375	0.0125	0.0125	0.0125	0.0125	0.0125	0.0125	0.0125	0.0125	0.0125	0.0125	0.0125	0.1375	0.0125	
0.157142857143	0.0142857142857	0.0142857142857	0.0142857142857	0.0142857142857	0.0142857142857	0.0142857142857	0.0142857142857	0.157142857143	0.0142857142857	0.0142857142857	0.0142857142857	0.157142857143	0.0142857142857	0.0142857142857	0.0142857142857	0.0142857142857	0.0142857142857	0.157142857143	0.157142857143	
0.01	0.11	0.11	0.21	0.01	0.01	0.01	0.01	0.01	0.01	0.01	0.01	0.01	0.21	0.01	0.01	0.01	0.21	0.01	0.01	
0.1	0.00909090909091	0.1	0.00909090909091	0.1	0.00909090909091	0.1	0.00909090909091	0.00909090909091	0.00909090909091	0.00909090909091	0.00909090909091	0.00909090909091	0.1	0.00909090909091	0.190909090909	0.1	0.00909090909091	0.00909090909091	0.1	
0.0125	0.0125	0.0125	0.1375	0.1375	0.1375	0.0125	0.0125	0.0125	0.0125	0.0125	0.0125	0.1375	0.1375	0.0125	0.0125	0.1375	0.0125	0.0125	0.0125	
0.0166666666667	0.183333333333	0.0166666666667	0.0166666666667	0.0166666666667	0.183333333333	0.0166666666667	0.0166666666667	0.183333333333	0.183333333333	0.0166666666667	0.0166666666667	0.0166666666667	0.0166666666667	0.0166666666667	0.0166666666667	0.0166666666667	0.0166666666667	0.0166666666667	0.0166666666667	
0.0166666666667	0.0166666666667	0.183333333333	0.0166666666667	0.0166666666667	0.0166666666667	0.0166666666667	0.0166666666667	0.0166666666667	0.183333333333	0.0166666666667	0.0166666666667	0.0166666666667	0.0166666666667	0.0166666666667	0.0166666666667	0.0166666666667	0.183333333333	0.0166666666667	0.183333333333	
0.0142857142857	0.157142857143	0.0142857142857	0.157142857143	0.0142857142857	0.0142857142857	0.0142857142857	0.0142857142857	0.157142857143	0.0142857142857	0.0142857142857	0.157142857143	0.0142857142857	0.0142857142857	0.0142857142857	0.0142857142857	0.0142857142857	0.0142857142857	0.0142857142857	0.157142857143	
0.0111111111111	0.0111111111111	0.0111111111111	0.0111111111111	0.0111111111111	0.122222222222	0.0111111111111	0.122222222222	0.0111111111111	0.0111111111111	0.122222222222	0.122222222222	0.0111111111111	0.0111111111111	0.0111111111111	0.122222222222	0.0111111111111	0.233333333333	0.0111111111111	0.0111111111111	
0.00909090909091	0.00909090909091	0.281818181818	0.00909090909091	0.00909090909091	0.00909090909091	0.190909090909	0.00909090909091	0.00909090909091	0.00909090909091	0.1	0.00909090909091	0.00909090909091	0.190909090909	0.00909090909091	0.00909090909091	0.00909090909091	0.1	0.00909090909091	0.00909090909091	
0.01	0.01	0.01	0.11	0.11	0.01	0.01	0.11	0.01	0.01	0.01	0.01	0.11	0.01	0.11	0.11	0.11	0.11	0.01	0.01	
0.02	0.02	0.02	0.02	0.02	0.02	0.22	0.02	0.02	0.02	0.02	0.02	0.02	0.02	0.02	0.22	0.02	0.22	0.02	0.02	
0.02	0.02	0.02	0.22	0.02	0.02	0.02	0.02	0.02	0.02	0.02	0.02	0.22	0.02	0.02	0.02	0.22	0.02	0.02	0.02	
0.0125	0.2625	0.0125	0.0125	0.1375	0.0125	0.0125	0.0125	0.1375	0.0125	0.0125	0.1375	0.0125	0.0125	0.1375	0.0125	0.0125	0.0125	0.0125	0.0125	
0.157142857143	0.0142857142857	0.0142857142857	0.157142857143	0.0142857142857	0.0142857142857	0.0142857142857	0.0142857142857	0.3	0.157142857143	0.0142857142857	0.0142857142857	0.0142857142857	0.0142857142857	0.0142857142857	0.0142857142857	0.0142857142857	0.0142857142857	0.0142857142857	0.0142857142857	
0.0111111111111	0.0111111111111	0.0111111111111	0.0111111111111	0.0111111111111	0.122222222222	0.0111111111111	0.0111111111111	0.0111111111111	0.0111111111111	0.0111111111111	0.0111111111111	0.122222222222	0.0111111111111	0.0111111111111	0.122222222222	0.0111111111111	0.233333333333	0.122222222222	0.122222222222	
0.00909090909091	0.1	0.00909090909091	0.1	0.00909090909091	0.00909090909091	0.00909090909091	0.1	0.1	0.00909090909091	0.00909090909091	0.00909090909091	0.00909090909091	0.190909090909	0.00909090909091	0.00909090909091	0.00909090909091	0.190909090909	0.00909090909091	0.1	
0.0142857142857	0.0142857142857	0.157142857143	0.0142857142857	0.0142857142857	0.0142857142857	0.0142857142857	0.0142857142857	0.0142857142857	0.157142857143	0.0142857142857	0.0142857142857	0.157142857143	0.0142857142857	0.0142857142857	0.0142857142857	0.157142857143	0.157142857143	0.0142857142857	0.0142857142857	
0.0111111111111	0.0111111111111	0.233333333333	0.0111111111111	0.0111111111111	0.0111111111111	0.0111111111111	0.0111111111111	0.0111111111111	0.0111111111111	0.233333333333	0.122222222222	0.0111111111111	0.0111111111111	0.0111111111111	0.0111111111111	0.0111111111111	0.0111111111111	0.233333333333	0.0111111111111	
0.0166666666667	0.0166666666667	0.0166666666667	0.0166666666667	0.0166666666667	0.0166666666667	0.0166666666667	0.0166666666667	0.0166666666667	0.0166666666667	0.183333333333	0.0166666666667	0.0166666666667	0.0166666666667	0.0166666666667	0.0166666666667	0.0166666666667	0.183333333333	0.183333333333	0.183333333333	
0.0111111111111	0.0111111111111	0.122222222222	0.0111111111111	0.0111111111111	0.122222222222	0.122222222222	0.122222222222	0.0111111111111	0.0111111111111	0.0111111111111	0.0111111111111	0.0111111111111	0.0111111111111	0.122222222222	0.122222222222	0.0111111111111	0.0111111111111	0.0111111111111	0.122222222222	
0.01	0.01	0.01	0.11	0.01	0.11	0.11	0.01	0.11	0.11	0.01	0.01	0.01	0.01	0.11	0.01	0.01	0.11	0.11	0.01	
0.0125	0.0125	0.0125	0.1375	0.2625	0.0125	0.0125	0.1375	0.0125	0.0125	0.0125	0.0125	0.0125	0.0125	0.1375	0.0125	0.0125	0.0125	0.1375	0.0125	
0.0166666666667	0.183333333333	0.0166666666667	0.0166666666667	0.0166666666667	0.0166666666667	0.0166666666667	0.0166666666667	0.0166666666667	0.0166666666667	0.0166666666667	0.0166666666667	0.0166666666667	0.183333333333	0.0166666666667	0.0166666666667	0.35	0.0166666666667	0.0166666666667	0.0166666666667	
0.00909090909091	0.00909090909091	0.00909090909091	0.00909090909091	0.190909090909	0.00909090909091	0.1	0.00909090909091	0.00909090909091	0.00909090909091	0.00909090909091	0.1	0.1	0.00909090909091	0.00909090909091	0.281818181818	0.00909090909091	0.00909090909091	0.00909090909091	0.1	
0.0142857142857	0.0142857142857	0.0142857142857	0.0142857142857	0.0142857142857	0.0142857142857	0.0142857142857	0.0142857142857	0.157142857143	0.0142857142857	0.0142857142857	0.157142857143	0.3	0.0142857142857	0.157142857143	0.0142857142857	0.0142857142857	0.0142857142857	0.0142857142857	0.0142857142857	
0.02	0.02	0.02	0.02	0.02	0.02	0.02	0.22	0.02	0.02	0.02	0.02	0.02	0.02	0.22	0.02	0.22	0.02	0.02	0.02	
0.42	0.02	0.02	0.02	0.02	0.02	0.02	0.02	0.22	0.02	0.02	0.02	0.02	0.02	0.02	0.02	0.02	0.02	0.02	0.02	
0.0125	0.1375	0.0125	0.1375	0.1375	0.0125	0.0125	0.0125	0.0125	0.1375	0.1375	0.0125	0.0125	0.0125	0.0125	0.0125	0.0125	0.1375	0.0125	0.0125	
0.0166666666667	0.0166666666667	0.183333333333	0.0166666666667	0.0166666666667	0.0166666666667	0.0166666666667	0.183333333333	0.0166666666667	0.0166666666667	0.0166666666667	0.183333333333	0.0166666666667	0.0166666666667	0.0166666666667	0.0166666666667	0.183333333333	0.0166666666667	0.0166666666667	0.0166666666667	
0.0166666666667	0.0166666666667	0.183333333333	0.0166666666667	0.0166666666667	0.0166666666667	0.0166666666667	0.0166666666667	0.0166666666667	0.0166666666667	0.0166666666667	0.0166666666667	0.0166666666667	0.0166666666667	0.183333333333	0.183333333333	0.0166666666667	0.0166666666667	0.0166666666667	0.183333333333	
0.11	0.01	0.31	0.11	0.01	0.01	0.01	0.01	0.01	0.01	0.01	0.01	0.21	0.01	0.01	0.11	0.01	0.01	0.01	0.01	
0.01	0.01	0.01	0.11	0.01	0.21	0.01	0.01	0.01	0.01	0.01	0.11	0.11	0.01	0.01	0.01	0.21	0.01	0.01	0.11	
0.183333333333	0.0166666666667	0.0166666666667	0.0166666666667	0.0166666666667	0.0166666666667	0.183333333333	0.0166666666667	0.0166666666667	0.0166666666667	0.183333333333	0.0166666666667	0.0166666666667	0.183333333333	0.0166666666667	0.0166666666667	0.0166666666667	0.0166666666667	0.0166666666667	0.0166666666667	
0.0142857142857	0.0142857142857	0.3	0.0142857142857	0.0142857142857	0.0142857142857	0.0142857142857	0.0142857142857	0.0142857142857	0.157142857143	0.0142857142857	0.0142857142857	0.0142857142857	0.0142857142857	0.0142857142857	0.157142857143	0.0142857142857	0.0142857142857	0.157142857143	0.0142857142857	
0.0166666666667	0.183333333333	0.0166666666667	0.0166666666667	0.0166666666667	0.0166666666667	0.0166666666667	0.0166666666667	0.0166666666667	0.183333333333	0.0166666666667	0.0166666666667	0.0166666666667	0.0166666666667	0.0166666666667	0.183333333333	0.0166666666667	0.183333333333	0.0166666666667	0.0166666666667	
0.183333333333	0.0166666666667	0.0166666666667	0.0166666666667	0.0166666666667	0.183333333333	0.183333333333	0.0166666666667	0.0166666666667	0.0166666666667	0.0166666666667	0.0166666666667	0.0166666666667	0.0166666666667	0.0166666666667	0.0166666666667	0.0166666666667	0.0166666666667	0.0166666666667	0.183333333333	
0.0142857142857	0.0142857142857	0.0142857142857	0.157142857143	0.157142857143	0.0142857142857	0.0142857142857	0.0142857142857	0.157142857143	0.0142857142857	0.0142857142857	0.0142857142857	0.0142857142857	0.157142857143	0.0142857142857	0.0142857142857	0.157142857143	0.0142857142857	0.0142857142857	0.0142857142857	
0.01	0.01	0.21	0.01	0.11	0.01	0.21	0.11	0.01	0.21	0.01	0.01	0.01	0.01	0.01	0.01	0.01	0.01	0.01	0.01	
0.02	0.02	0.02	0.02	0.02	0.02	0.02	0.02	0.02	0.02	0.22	0.02	0.02	0.02	0.02	0.02	0.02	0.02	0.02	0.42	
0.0142857142857	0.0142857142857	0.0142857142857	0.0142857142857	0.0142857142857	0.157142857143	0.0142857142857	0.0142857142857	0.0142857142857	0.0142857142857	0.157142857143	0.0142857142857	0.0142857142857	0.0142857142857	0.0142857142857	0.0142857142857	0.3	0.0142857142857	0.0142857142857	0.157142857143	
0.01	0.11	0.21	0.11	0.01	0.11	0.01	0.11	0.01	0.01	0.01	0.01	0.01	0.11	0.01	0.11	0.01	0.01	0.01	0.01	
0.0846153846154	0.0846153846154	0.00769230769231	0.00769230769231	0.00769230769231	0.0846153846154	0.0846153846154	0.161538461538	0.00769230769231	0.00769230769231	0.00769230769231	0.00769230769231	0.00769230769231	0.0846153846154	0.00769230769231	0.00769230769231	0.161538461538	0.00769230769231	0.0846153846154	0.0846153846154	
0.0142857142857	0.0142857142857	0.0142857142857	0.0142857142857	0.0142857142857	0.0142857142857	0.0142857142857	0.0142857142857	0.157142857143	0.157142857143	0.0142857142857	0.0142857142857	0.0142857142857	0.0142857142857	0.0142857142857	0.0142857142857	0.157142857143	0.0142857142857	0.157142857143	0.157142857143	
0.0111111111111	0.233333333333	0.0111111111111	0.0111111111111	0.0111111111111	0.0111111111111	0.233333333333	0.0111111111111	0.122222222222	0.0111111111111	0.0111111111111	0.0111111111111	0.0111111111111	0.0111111111111	0.0111111111111	0.122222222222	0.122222222222	0.0111111111111	0.0111111111111	0.0111111111111	
0.02	0.22	0.02	0.02	0.02	0.02	0.42	0.02	0.02	0.02	0.02	0.02	0.02	0.02	0.02	0.02	0.02	0.02	0.02	0.02	
0.22	0.22	0.02	0.02	0.22	0.02	0.02	0.02	0.02	0.02	0.02	0.02	0.02	0.02	0.02	0.02	0.02	0.02	0.02	0.02	
0.0916666666667	0.0916666666667	0.0916666666667	0.0916666666667	0.00833333333333	0.00833333333333	0.00833333333333	0.0916666666667	0.0916666666667	0.00833333333333	0.00833333333333	0.00833333333333	0.0916666666667	0.0916666666667	0.0916666666667	0.0916666666667	0.00833333333333	0.00833333333333	0.00833333333333	0.00833333333333	
0.0111111111111	0.0111111111111	0.122222222222	0.0111111111111	0.0111111111111	0.0111111111111	0.0111111111111	0.0111111111111	0.122222222222	0.0111111111111	0.122222222222	0.122222222222	0.233333333333	0.0111111111111	0.0111111111111	0.122222222222	0.0111111111111	0.0111111111111	0.0111111111111	0.0111111111111	
0.0142857142857	0.0142857142857	0.157142857143	0.157142857143	0.0142857142857	0.0142857142857	0.0142857142857	0.0142857142857	0.157142857143	0.0142857142857	0.0142857142857	0.0142857142857	0.0142857142857	0.157142857143	0.0142857142857	0.0142857142857	0.0142857142857	0.0142857142857	0.0142857142857	0.157142857143	
0.0125	0.1375	0.0125	0.0125	0.0125	0.0125	0.0125	0.1375	0.1375	0.0125	0.1375	0.0125	0.0125	0.1375	0.1375	0.0125	0.0125	0.0125	0.0125	0.0125	
0.122222222222	0.0111111111111	0.122222222222	0.0111111111111	0.0111111111111	0.0111111111111	0.0111111111111	0.233333333333	0.0111111111111	0.0111111111111	0.233333333333	0.0111111111111	0.0111111111111	0.0111111111111	0.0111111111111	0.0111111111111	0.0111111111111	0.122222222222	0.0111111111111	0.0111111111111	
0.0125	0.1375	0.0125	0.0125	0.0125	0.0125	0.1375	0.0125	0.0125	0.0125	0.0125	0.1375	0.0125	0.1375	0.0125	0.0125	0.1375	0.0125	0.0125	0.1375	
0.0125	0.0125	0.0125	0.1375	0.0125	0.0125	0.1375	0.0125	0.0125	0.1375	0.0125	0.0125	0.0125	0.1375	0.1375	0.0125	0.0125	0.0125	0.1375	0.0125	
0.0142857142857	0.0142857142857	0.0142857142857	0.0142857142857	0.0142857142857	0.157142857143	0.0142857142857	0.0142857142857	0.0142857142857	0.3	0.0142857142857	0.157142857143	0.0142857142857	0.0142857142857	0.0142857142857	0.157142857143	0.0142857142857	0.0142857142857	0.0142857142857	0.0142857142857	
0.0166666666667	0.0166666666667	0.0166666666667	0.0166666666667	0.0166666666667	0.0166666666667	0.0166666666667	0.183333333333	0.183333333333	0.35	0.0166666666667	0.0166666666667	0.0166666666667	0.0166666666667	0.0166666666667	0.0166666666667	0.0166666666667	0.0166666666667	0.0166666666667	0.0166666666667	
0.0166666666667	0.183333333333	0.0166666666667	0.183333333333	0.0166666666667	0.0166666666667	0.0166666666667	0.0166666666667	0.183333333333	0.0166666666667	0.0166666666667	0.0166666666667	0.0166666666667	0.0166666666667	0.0166666666667	0.0166666666667	0.0166666666667	0.0166666666667	0.0166666666667	0.183333333333	
0.00909090909091	0.00909090909091	0.1	0.00909090909091	0.1	0.00909090909091	0.00909090909091	0.00909090909091	0.00909090909091	0.00909090909091	0.1	0.1	0.00909090909091	0.190909090909	0.1	0.00909090909091	0.00909090909091	0.1	0.1	0.00909090909091	
0.0166666666667	0.0166666666667	0.183333333333	0.183333333333	0.0166666666667	0.0166666666667	0.0166666666667	0.0166666666667	0.0166666666667	0.183333333333	0.0166666666667	0.183333333333	0.0166666666667	0.0166666666667	0.0166666666667	0.0166666666667	0.0166666666667	0.0166666666667	0.0166666666667	0.0166666666667	
0.0166666666667	0.0166666666667	0.0166666666667	0.0166666666667	0.183333333333	0.0166666666667	0.0166666666667	0.183333333333	0.183333333333	0.183333333333	0.0166666666667	0.0166666666667	0.0166666666667	0.0166666666667	0.0166666666667	0.0166666666667	0.0166666666667	0.0166666666667	0.0166666666667	0.0166666666667	
0.00909090909091	0.00909090909091	0.1	0.1	0.1	0.190909090909	0.00909090909091	0.00909090909091	0.00909090909091	0.00909090909091	0.00909090909091	0.00909090909091	0.00909090909091	0.00909090909091	0.1	0.00909090909091	0.1	0.1	0.00909090909091	0.1	
0.0142857142857	0.0142857142857	0.0142857142857	0.0142857142857	0.0142857142857	0.0142857142857	0.0142857142857	0.0142857142857	0.3	0.157142857143	0.0142857142857	0.0142857142857	0.0142857142857	0.0142857142857	0.0142857142857	0.157142857143	0.157142857143	0.0142857142857	0.0142857142857	0.0142857142857	
0.0846153846154	0.00769230769231	0.00769230769231	0.0846153846154	0.00769230769231	0.0846153846154	0.00769230769231	0.00769230769231	0.161538461538	0.00769230769231	0.0846153846154	0.00769230769231	0.0846153846154	0.0846153846154	0.00769230769231	0.00769230769231	0.00769230769231	0.0846153846154	0.00769230769231	0.161538461538	
0.0111111111111	0.0111111111111	0.0111111111111	0.233333333333	0.0111111111111	0.0111111111111	0.0111111111111	0.0111111111111	0.0111111111111	0.0111111111111	0.122222222222	0.0111111111111	0.122222222222	0.233333333333	0.0111111111111	0.0111111111111	0.0111111111111	0.122222222222	0.0111111111111	0.0111111111111	
0.22	0.02	0.02	0.02	0.02	0.02	0.02	0.02	0.22	0.02	0.02	0.02	0.02	0.02	0.22	0.02	0.02	0.02	0.02	0.02	
0.11	0.01	0.01	0.01	0.01	0.01	0.01	0.01	0.01	0.11	0.01	0.01	0.11	0.01	0.21	0.01	0.11	0.01	0.21	0.01	
0.0166666666667	0.183333333333	0.0166666666667	0.0166666666667	0.0166666666667	0.183333333333	0.183333333333	0.0166666666667	0.183333333333	0.0166666666667	0.0166666666667	0.0166666666667	0.0166666666667	0.0166666666667	0.0166666666667	0.0166666666667	0.0166666666667	0.0166666666667	0.0166666666667	0.0166666666667	
0.0111111111111	0.0111111111111	0.0111111111111	0.0111111111111	0.233333333333	0.0111111111111	0.0111111111111	0.0111111111111	0.122222222222	0.233333333333	0.0111111111111	0.0111111111111	0.0111111111111	0.0111111111111	0.122222222222	0.122222222222	0.0111111111111	0.0111111111111	0.0111111111111	0.0111111111111	
0.02	0.02	0.02	0.02	0.02	0.02	0.02	0.02	0.22	0.02	0.02	0.02	0.42	0.02	0.02	0.02	0.02	0.02	0.02	0.02	
0.0125	0.1375	0.1375	0.0125	0.0125	0.1375	0.1375	0.0125	0.1375	0.0125	0.0125	0.0125	0.0125	0.0125	0.0125	0.0125	0.0125	0.0125	0.0125	0.1375	
0.0142857142857	0.0142857142857	0.0142857142857	0.0142857142857	0.0142857142857	0.157142857143	0.0142857142857	0.157142857143	0.157142857143	0.157142857143	0.0142857142857	0.0142857142857	0.0142857142857	0.0142857142857	0.0142857142857	0.0142857142857	0.157142857143	0.0142857142857	0.0142857142857	0.0142857142857	
0.122222222222	0.0111111111111	0.0111111111111	0.122222222222	0.0111111111111	0.0111111111111	0.233333333333	0.122222222222	0.0111111111111	0.0111111111111	0.0111111111111	0.0111111111111	0.0111111111111	0.122222222222	0.0111111111111	0.0111111111111	0.122222222222	0.0111111111111	0.0111111111111	0.0111111111111	
0.0166666666667	0.0166666666667	0.0166666666667	0.0166666666667	0.0166666666667	0.0166666666667	0.0166666666667	0.0166666666667	0.183333333333	0.183333333333	0.0166666666667	0.0166666666667	0.0166666666667	0.0166666666667	0.0166666666667	0.0166666666667	0.0166666666667	0.0166666666667	0.0166666666667	0.35	
0.02	0.02	0.22	0.02	0.22	0.02	0.02	0.02	0.02	0.02	0.02	0.02	0.02	0.22	0.02	0.02	0.02	0.02	0.02	0.02	
0.00769230769231	0.0846153846154	0.00769230769231	0.0846153846154	0.00769230769231	0.00769230769231	0.238461538462	0.0846153846154	0.161538461538	0.00769230769231	0.00769230769231	0.00769230769231	0.0846153846154	0.00769230769231	0.0846153846154	0.00769230769231	0.00769230769231	0.00769230769231	0.00769230769231	0.0846153846154	
0.0166666666667	0.0166666666667	0.0166666666667	0.0166666666667	0.35	0.0166666666667	0.0166666666667	0.0166666666667	0.0166666666667	0.183333333333	0.0166666666667	0.0166666666667	0.0166666666667	0.183333333333	0.0166666666667	0.0166666666667	0.0166666666667	0.0166666666667	0.0166666666667	0.0166666666667	
0.0125	0.1375	0.0125	0.0125	0.2625	0.0125	0.0125	0.0125	0.1375	0.0125	0.0125	0.1375	0.0125	0.0125	0.0125	0.0125	0.0125	0.0125	0.1375	0.0125	
0.0142857142857	0.157142857143	0.157142857143	0.157142857143	0.0142857142857	0.0142857142857	0.0142857142857	0.0142857142857	0.0142857142857	0.0142857142857	0.0142857142857	0.0142857142857	0.0142857142857	0.157142857143	0.0142857142857	0.157142857143	0.0142857142857	0.0142857142857	0.0142857142857	0.0142857142857	
0.00909090909091	0.00909090909091	0.1	0.190909090909	0.00909090909091	0.00909090909091	0.1	0.00909090909091	0.00909090909091	0.1	0.00909090909091	0.00909090909091	0.00909090909091	0.190909090909	0.1	0.1	0.00909090909091	0.00909090909091	0.00909090909091	0.00909090909091	
0.0125	0.0125	0.0125	0.0125	0.2625	0.0125	0.0125	0.0125	0.0125	0.0125	0.1375	0.0125	0.1375	0.0125	0.0125	0.0125	0.1375	0.1375	0.0125	0.0125	
0.0125	0.0125	0.0125	0.0125	0.3875	0.0125	0.0125	0.0125	0.0125	0.0125	0.1375	0.0125	0.0125	0.0125	0.0125	0.0125	0.1375	0.0125	0.0125	0.1375	
0.02	0.02	0.02	0.02	0.22	0.02	0.02	0.02	0.22	0.22	0.02	0.02	0.02	0.02	0.02	0.02	0.02	0.02	0.02	0.02	
0.1375	0.0125	0.1375	0.0125	0.1375	0.0125	0.0125	0.0125	0.0125	0.0125	0.0125	0.0125	0.1375	0.1375	0.0125	0.0125	0.0125	0.1375	0.0125	0.0125	
0.0333333333333	0.0333333333333	0.0333333333333	0.0333333333333	0.366666666667	0.0333333333333	0.0333333333333	0.0333333333333	0.0333333333333	0.0333333333333	0.0333333333333	0.0333333333333	0.0333333333333	0.0333333333333	0.0333333333333	0.0333333333333	0.0333333333333	0.0333333333333	0.0333333333333	0.0333333333333	
0.01	0.11	0.01	0.01	0.01	0.01	0.01	0.01	0.11	0.01	0.11	0.11	0.11	0.01	0.01	0.01	0.11	0.01	0.11	0.11	
0.01	0.11	0.01	0.11	0.01	0.11	0.01	0.01	0.01	0.01	0.01	0.11	0.01	0.21	0.11	0.01	0.01	0.01	0.01	0.11	
0.02	0.02	0.02	0.22	0.02	0.02	0.02	0.02	0.02	0.02	0.02	0.22	0.02	0.02	0.02	0.02	0.02	0.02	0.02	0.22	
0.00909090909091	0.1	0.00909090909091	0.00909090909091	0.00909090909091	0.190909090909	0.00909090909091	0.00909090909091	0.1	0.1	0.1	0.00909090909091	0.00909090909091	0.1	0.1	0.1	0.00909090909091	0.00909090909091	0.00909090909091	0.00909090909091	
0.157142857143	0.157142857143	0.157142857143	0.0142857142857	0.157142857143	0.0142857142857	0.0142857142857	0.157142857143	0.0142857142857	0.0142857142857	0.0142857142857	0.0142857142857	0.0142857142857	0.0142857142857	0.0142857142857	0.0142857142857	0.0142857142857	0.0142857142857	0.0142857142857	0.0142857142857	
0.025	0.025	0.025	0.025	0.025	0.025	0.025	0.275	0.025	0.025	0.025	0.025	0.025	0.025	0.025	0.025	0.275	0.025	0.025	0.025	
0.02	0.02	0.02	0.02	0.02	0.02	0.02	0.02	0.02	0.02	0.22	0.02	0.22	0.02	0.02	0.02	0.02	0.02	0.02	0.22	
0.0125	0.0125	0.1375	0.0125	0.0125	0.0125	0.0125	0.1375	0.1375	0.0125	0.0125	0.1375	0.0125	0.0125	0.0125	0.0125	0.1375	0.1375	0.0125	0.0125	
0.11	0.01	0.01	0.01	0.01	0.01	0.01	0.11	0.11	0.01	0.01	0.11	0.11	0.01	0.01	0.01	0.01	0.01	0.11	0.21	
0.00769230769231	0.0846153846154	0.00769230769231	0.00769230769231	0.00769230769231	0.00769230769231	0.0846153846154	0.00769230769231	0.0846153846154	0.0846153846154	0.00769230769231	0.161538461538	0.161538461538	0.0846153846154	0.00769230769231	0.0846153846154	0.00769230769231	0.00769230769231	0.0846153846154	0.00769230769231	
0.0142857142857	0.0142857142857	0.0142857142857	0.0142857142857	0.0142857142857	0.157142857143	0.0142857142857	0.0142857142857	0.0142857142857	0.0142857142857	0.0142857142857	0.0142857142857	0.0142857142857	0.0142857142857	0.0142857142857	0.442857142857	0.0142857142857	0.0142857142857	0.157142857143	0.0142857142857	
0.0166666666667	0.0166666666667	0.183333333333	0.0166666666667	0.0166666666667	0.0166666666667	0.183333333333	0.0166666666667	0.0166666666667	0.0166666666667	0.0166666666667	0.0166666666667	0.0166666666667	0.0166666666667	0.183333333333	0.0166666666667	0.183333333333	0.0166666666667	0.0166666666667	0.0166666666667	
0.0142857142857	0.0142857142857	0.0142857142857	0.0142857142857	0.157142857143	0.0142857142857	0.0142857142857	0.0142857142857	0.0142857142857	0.0142857142857	0.157142857143	0.0142857142857	0.157142857143	0.0142857142857	0.0142857142857	0.157142857143	0.157142857143	0.0142857142857	0.0142857142857	0.0142857142857	
0.0125	0.0125	0.0125	0.0125	0.0125	0.0125	0.0125	0.2625	0.0125	0.0125	0.0125	0.1375	0.2625	0.0125	0.0125	0.0125	0.1375	0.0125	0.0125	0.0125	
0.122222222222	0.0111111111111	0.0111111111111	0.0111111111111	0.0111111111111	0.0111111111111	0.0111111111111	0.122222222222	0.0111111111111	0.0111111111111	0.0111111111111	0.0111111111111	0.122222222222	0.0111111111111	0.122222222222	0.233333333333	0.0111111111111	0.0111111111111	0.122222222222	0.0111111111111	
0.0125	0.0125	0.0125	0.0125	0.1375	0.1375	0.1375	0.0125	0.0125	0.1375	0.0125	0.1375	0.0125	0.0125	0.0125	0.0125	0.1375	0.0125	0.0125	0.0125	
0.0142857142857	0.0142857142857	0.0142857142857	0.0142857142857	0.157142857143	0.0142857142857	0.0142857142857	0.0142857142857	0.0142857142857	0.0142857142857	0.0142857142857	0.157142857143	0.0142857142857	0.0142857142857	0.0142857142857	0.0142857142857	0.3	0.157142857143	0.0142857142857	0.0142857142857	
0.0142857142857	0.0142857142857	0.0142857142857	0.157142857143	0.0142857142857	0.0142857142857	0.0142857142857	0.0142857142857	0.157142857143	0.0142857142857	0.157142857143	0.0142857142857	0.0142857142857	0.3	0.0142857142857	0.0142857142857	0.0142857142857	0.0142857142857	0.0142857142857	0.0142857142857	
0.0111111111111	0.122222222222	0.0111111111111	0.0111111111111	0.0111111111111	0.0111111111111	0.0111111111111	0.0111111111111	0.122222222222	0.122222222222	0.0111111111111	0.122222222222	0.122222222222	0.0111111111111	0.0111111111111	0.0111111111111	0.122222222222	0.122222222222	0.0111111111111	0.0111111111111	
0.025	0.025	0.025	0.275	0.025	0.025	0.025	0.025	0.025	0.025	0.025	0.025	0.025	0.025	0.025	0.025	0.025	0.025	0.025	0.275	
0.01	0.21	0.11	0.21	0.01	0.01	0.01	0.01	0.11	0.01	0.01	0.01	0.01	0.01	0.01	0.01	0.11	0.01	0.01	0.11	
0.0125	0.0125	0.0125	0.1375	0.0125	0.0125	0.0125	0.0125	0.0125	0.1375	0.0125	0.0125	0.0125	0.0125	0.0125	0.0125	0.1375	0.1375	0.0125	0.2625	
0.00909090909091	0.00909090909091	0.00909090909091	0.00909090909091	0.00909090909091	0.1	0.00909090909091	0.00909090909091	0.00909090909091	0.190909090909	0.1	0.00909090909091	0.281818181818	0.1	0.00909090909091	0.00909090909091	0.00909090909091	0.1	0.00909090909091	0.00909090909091	
0.0166666666667	0.0166666666667	0.0166666666667	0.0166666666667	0.0166666666667	0.0166666666667	0.183333333333	0.0166666666667	0.0166666666667	0.183333333333	0.0166666666667	0.0166666666667	0.183333333333	0.0166666666667	0.0166666666667	0.0166666666667	0.0166666666667	0.183333333333	0.0166666666667	0.0166666666667	
0.122222222222	0.0111111111111	0.122222222222	0.0111111111111	0.0111111111111	0.122222222222	0.0111111111111	0.122222222222	0.122222222222	0.0111111111111	0.0111111111111	0.0111111111111	0.122222222222	0.0111111111111	0.0111111111111	0.0111111111111	0.122222222222	0.0111111111111	0.0111111111111	0.0111111111111	
